,mean,sd,hdi_3%,hdi_97%,mcse_mean,mcse_sd,ess_bulk,ess_tail,r_hat
log2_inv_primer_effs[0],0.755,0.046,0.666,0.842,0.0,0.0,40559.0,21050.0,1.0
log2_inv_primer_effs[1],1.001,0.057,0.893,1.106,0.0,0.0,29084.0,17233.0,1.0
log2_inv_primer_effs[2],0.75,0.072,0.615,0.886,0.0,0.0,39831.0,22851.0,1.0
primer_intercepts[0],13.562,2.846,7.947,18.675,0.016,0.016,29983.0,22750.0,1.0
primer_intercepts[1],1.474,2.312,-2.909,5.713,0.016,0.015,22031.0,19526.0,1.0
primer_intercepts[2],15.861,4.113,8.3,23.753,0.021,0.025,38267.0,24157.0,1.0
primer_geno_effs[0],7.231,2.757,2.073,12.394,0.016,0.015,28226.0,23268.0,1.0
primer_geno_effs[1],-0.832,2.492,-5.51,3.853,0.015,0.014,26260.0,21763.0,1.0
primer_geno_effs[2],0.543,2.496,-4.221,5.162,0.016,0.014,25405.0,21974.0,1.0
primer_geno_effs[3],-1.424,2.419,-5.94,3.163,0.015,0.013,27455.0,22908.0,1.0
primer_geno_effs[4],2.853,2.388,-1.513,7.41,0.015,0.013,26745.0,23464.0,1.0
primer_geno_effs[5],1.881,2.473,-2.701,6.589,0.015,0.013,27067.0,22742.0,1.0
primer_geno_effs[6],-10.383,2.475,-15.098,-5.796,0.015,0.013,26167.0,23515.0,1.0
primer_geno_effs[7],8.585,3.154,2.789,14.582,0.017,0.018,33268.0,25196.0,1.0
primer_geno_effs[8],0.694,2.517,-3.914,5.544,0.016,0.014,25180.0,22568.0,1.0
primer_geno_effs[9],-2.569,2.48,-7.202,2.111,0.015,0.014,27340.0,23082.0,1.0
primer_geno_effs[10],0.575,2.516,-4.4,5.03,0.016,0.014,25626.0,21025.0,1.0
primer_geno_effs[11],1.716,2.523,-3.127,6.383,0.016,0.014,25825.0,22784.0,1.0
primer_geno_effs[12],0.021,2.522,-4.6,4.908,0.016,0.014,25963.0,20566.0,1.0
primer_geno_effs[13],1.803,2.56,-3.034,6.603,0.016,0.014,26520.0,23278.0,1.0
primer_geno_effs[14],0.447,2.501,-4.179,5.206,0.016,0.014,25154.0,22058.0,1.0
primer_geno_effs[15],0.02,2.481,-4.781,4.555,0.016,0.014,24352.0,22140.0,1.0
primer_geno_effs[16],0.688,2.442,-4.081,5.135,0.015,0.013,25465.0,22717.0,1.0
primer_geno_effs[17],0.428,2.52,-4.397,5.106,0.015,0.014,28059.0,22105.0,1.0
primer_geno_effs[18],1.665,2.495,-3.07,6.316,0.016,0.014,25399.0,22021.0,1.0
primer_geno_effs[19],0.136,2.471,-4.57,4.689,0.016,0.014,25028.0,22403.0,1.0
primer_geno_effs[20],0.279,2.483,-4.437,4.882,0.015,0.014,27331.0,23216.0,1.0
primer_geno_effs[21],1.593,2.521,-3.032,6.44,0.015,0.014,28157.0,22954.0,1.0
primer_geno_effs[22],-4.113,2.648,-9.133,0.875,0.016,0.015,26147.0,21574.0,1.0
primer_geno_effs[23],-2.398,2.484,-7.04,2.307,0.015,0.014,27660.0,22216.0,1.0
primer_geno_effs[24],0.694,2.482,-3.9,5.418,0.016,0.013,24797.0,22547.0,1.0
primer_geno_effs[25],0.612,2.512,-4.038,5.401,0.015,0.014,26351.0,21895.0,1.0
primer_geno_effs[26],-1.6,2.534,-6.31,3.215,0.016,0.014,25754.0,22067.0,1.0
primer_geno_effs[27],1.441,2.474,-3.306,6.051,0.015,0.014,25702.0,22432.0,1.0
primer_geno_effs[28],1.423,2.516,-3.363,6.1,0.016,0.014,25877.0,22044.0,1.0
primer_geno_effs[29],-0.043,2.491,-4.621,4.684,0.016,0.013,25624.0,22025.0,1.0
dil_primer_intercepts[0],29.042,0.289,28.489,29.59,0.002,0.002,37509.0,23095.0,1.0
dil_primer_intercepts[1],26.924,0.322,26.334,27.559,0.002,0.003,30919.0,18909.0,1.0
dil_primer_intercepts[2],32.316,0.312,31.741,32.928,0.002,0.002,35311.0,23586.0,1.0
dil_sigma,0.416,0.121,0.221,0.644,0.001,0.001,21072.0,19484.0,1.0
dil_nu,10.227,4.512,2.794,18.583,0.019,0.034,53051.0,20925.0,1.0
geno_rep_effs[0],25.406,2.192,21.217,29.426,0.015,0.012,22755.0,22259.0,1.0
geno_rep_effs[1],21.605,1.987,18.025,25.46,0.012,0.01,26245.0,23314.0,1.0
geno_rep_effs[2],25.275,2.176,21.281,29.422,0.014,0.012,24169.0,21712.0,1.0
geno_rep_effs[3],23.876,2.109,19.92,27.843,0.014,0.011,23629.0,21413.0,1.0
geno_rep_effs[4],24.402,2.155,20.307,28.418,0.014,0.012,23621.0,22061.0,1.0
geno_rep_effs[5],21.501,1.988,17.723,25.188,0.012,0.01,25889.0,23416.0,1.0
geno_rep_effs[6],25.116,2.173,21.079,29.248,0.014,0.012,22622.0,22231.0,1.0
geno_rep_effs[7],24.619,2.132,20.685,28.666,0.013,0.011,25139.0,21683.0,1.0
geno_rep_effs[8],25.206,2.197,21.124,29.349,0.015,0.012,22572.0,21804.0,1.0
geno_rep_effs[9],24.729,2.16,20.709,28.81,0.014,0.012,24437.0,22568.0,1.0
geno_rep_effs[10],24.228,2.132,20.244,28.224,0.013,0.011,25117.0,22432.0,1.0
geno_rep_effs[11],24.759,2.151,20.869,28.935,0.014,0.012,23537.0,22104.0,1.0
geno_rep_effs[12],25.163,2.175,21.164,29.316,0.014,0.012,22689.0,21754.0,1.0
geno_rep_effs[13],21.798,1.986,18.047,25.478,0.012,0.011,26134.0,23744.0,1.0
geno_rep_effs[14],24.186,2.162,20.123,28.239,0.014,0.012,23269.0,20702.0,1.0
geno_rep_effs[15],24.407,2.106,20.491,28.4,0.014,0.012,23731.0,21553.0,1.0
geno_rep_effs[16],24.56,2.128,20.665,28.611,0.014,0.011,22969.0,20040.0,1.0
geno_rep_effs[17],22.995,2.128,19.122,27.127,0.014,0.012,23006.0,20158.0,1.0
geno_rep_effs[18],29.355,2.408,24.86,33.834,0.015,0.013,24731.0,23003.0,1.0
geno_rep_effs[19],28.493,2.428,23.875,33.001,0.015,0.013,24791.0,22552.0,1.0
geno_rep_effs[20],23.391,2.105,19.552,27.462,0.014,0.011,23785.0,21458.0,1.0
geno_rep_effs[21],24.329,2.131,20.41,28.401,0.014,0.011,22718.0,20105.0,1.0
geno_rep_effs[22],28.258,2.418,23.678,32.745,0.016,0.013,24131.0,21873.0,1.0
geno_rep_effs[23],24.052,2.142,20.037,28.069,0.013,0.012,25290.0,22705.0,1.0
geno_rep_effs[24],24.93,2.185,20.827,29.011,0.015,0.012,22533.0,21724.0,1.0
geno_rep_effs[25],25.043,2.154,20.843,28.952,0.014,0.012,24290.0,22320.0,1.0
geno_rep_effs[26],26.096,2.177,22.003,30.205,0.014,0.012,23122.0,20482.0,1.0
geno_rep_effs[27],24.438,2.159,20.401,28.529,0.014,0.012,23380.0,20293.0,1.0
geno_rep_effs[28],24.175,2.165,20.286,28.392,0.014,0.012,22749.0,21853.0,1.0
geno_rep_effs[29],24.621,2.148,20.646,28.703,0.014,0.012,23618.0,21770.0,1.0
ct_sigma,0.328,0.072,0.196,0.465,0.001,0.0,7585.0,13073.0,1.0
ct_nu,2.763,0.949,1.21,4.506,0.006,0.007,27379.0,24586.0,1.0
right_censored[0],44.071,26.583,37.0,58.299,0.186,6.376,38930.0,18489.0,1.0
right_censored[1],39.434,1.999,37.0,42.832,0.012,0.088,21317.0,17891.0,1.0
right_censored[2],37.727,2.196,37.0,38.967,0.017,0.596,38103.0,21160.0,1.0
right_censored[3],39.277,2.033,37.001,42.562,0.013,0.087,19848.0,18718.0,1.0
right_censored[4],40.05,2.029,37.038,43.521,0.013,0.034,19455.0,15770.0,1.0
right_censored[5],37.951,0.977,37.0,39.371,0.005,0.044,32063.0,19527.0,1.0
